5.316644668579101562e+00 -1.711146593093872070e+00 3.310179710388183594e-01 3.526951372623443604e-01
5.920607566833496094e+00 -2.154610872268676758e+00 1.210511922836303711e-01 3.357682526111602783e-01
3.992780208587646484e+00 -1.832454442977905273e+00 -2.436305046081542969e+00 1.697362303733825684e+00
4.897411346435546875e+00 -2.370870113372802734e+00 -1.463571548461914062e+00 1.618596673011779785e+00
4.120861053466796875e+00 -1.724998474121093750e+00 -3.117806434631347656e+00 2.940646171569824219e+00
-1.195001840591430664e+00 4.958790242671966553e-01 -1.044661045074462891e+00 3.577986359596252441e-02
4.841145515441894531e+00 -2.288397312164306641e+00 -2.798146724700927734e+00 2.650517940521240234e+00
4.666208267211914062e+00 -2.152867555618286133e+00 -2.945376396179199219e+00 2.951333045959472656e+00
4.501477241516113281e+00 -1.871947050094604492e+00 -3.043551445007324219e+00 3.015614509582519531e+00
4.626583099365234375e+00 -2.013040542602539062e+00 -2.910889625549316406e+00 2.910014867782592773e+00
4.691919326782226562e+00 -1.782840251922607422e+00 -3.079751014709472656e+00 2.905119180679321289e+00
4.568485260009765625e+00 -1.723737239837646484e+00 -2.962013244628906250e+00 2.799145936965942383e+00
5.019776344299316406e+00 -1.788640260696411133e+00 -2.505617618560791016e+00 2.451820850372314453e+00
-9.229668378829956055e-01 -8.020056486129760742e-01 -6.985259056091308594e-01 1.453918516635894775e-01
-1.069251298904418945e+00 -5.460139513015747070e-01 -1.101599693298339844e+00 2.662473022937774658e-01
4.980517387390136719e+00 -2.256503582000732422e+00 -2.644207954406738281e+00 2.274608612060546875e+00
4.966509819030761719e+00 -2.182894468307495117e+00 -2.813296318054199219e+00 2.102573871612548828e+00
5.176540374755859375e+00 -2.325091600418090820e+00 -2.948998451232910156e+00 2.105511903762817383e+00
4.940227508544921875e+00 -2.209051847457885742e+00 -2.507862091064453125e+00 2.131117105484008789e+00
4.979466438293457031e+00 -2.128489255905151367e+00 -1.929964303970336914e+00 1.962660431861877441e+00
5.240046501159667969e+00 -2.132698297500610352e+00 -1.379982948303222656e+00 1.842802166938781738e+00
5.738704681396484375e+00 -1.816809415817260742e+00 -1.191067695617675781e+00 1.460235476493835449e+00
5.726556777954101562e+00 -1.812740325927734375e+00 -1.295565843582153320e+00 1.529817223548889160e+00
6.178662300109863281e+00 -1.913913488388061523e+00 -1.346250295639038086e+00 1.448091506958007812e+00
-9.726039171218872070e-01 -4.685268402099609375e-01 -7.896564006805419922e-01 1.458363831043243408e-01
-8.993607759475708008e-01 -7.734987735748291016e-01 -9.643912315368652344e-01 -3.250846266746520996e-02
5.465435028076171875e+00 -2.045187711715698242e+00 -2.734604358673095703e+00 2.460591316223144531e+00
5.382456779479980469e+00 -2.518779277801513672e+00 -3.439733505249023438e+00 2.867802619934082031e+00
5.140561103820800781e+00 -2.080393552780151367e+00 -2.702363967895507812e+00 2.136461496353149414e+00
5.400131225585937500e+00 -2.374722480773925781e+00 -1.870311021804809570e+00 1.650098204612731934e+00
5.489524841308593750e+00 -2.476753473281860352e+00 -1.333034276962280273e+00 1.229257941246032715e+00
5.589550018310546875e+00 -2.387124300003051758e+00 -9.621639251708984375e-01 9.695085287094116211e-01
5.788737297058105469e+00 -2.331851959228515625e+00 -8.905591964721679688e-01 9.844881296157836914e-01
5.634242057800292969e+00 -2.168260335922241211e+00 -1.405786752700805664e+00 1.833936572074890137e+00
5.307060241699218750e+00 -2.392700433731079102e+00 -1.441197872161865234e+00 1.609890341758728027e+00
5.538514137268066406e+00 -2.330850362777709961e+00 -8.412058353424072266e-01 1.245046377182006836e+00
5.900725364685058594e+00 -2.275800228118896484e+00 -7.818629741668701172e-01 8.522955179214477539e-01
-1.049511551856994629e+00 -1.297724723815917969e+00 -1.323915719985961914e-01 4.243243038654327393e-01
-9.660819768905639648e-01 -6.844975948333740234e-01 -3.176891803741455078e-01 3.443939387798309326e-01
-8.292686939239501953e-01 -3.226358890533447266e-01 -3.234272003173828125e-01 2.472092211246490479e-01
-7.419140338897705078e-01 -2.568277120590209961e+00 5.423468589782714844e+00 -2.968322932720184326e-01
-8.824088573455810547e-01 -2.615173339843750000e+00 5.952958583831787109e+00 -1.118396818637847900e-01
-6.127171516418457031e-01 -8.498820066452026367e-01 3.032383918762207031e-01 1.005500853061676025e-01
-8.306919336318969727e-01 -1.306476593017578125e+00 -1.245820522308349609e-02 3.188928663730621338e-01
3.044312000274658203e+00 -2.556968927383422852e+00 5.790652751922607422e+00 2.099128067493438721e-01
-7.073903083801269531e-01 -1.209920883178710938e+00 3.834844827651977539e-01 4.027568399906158447e-01
-1.959202051162719727e+00 -2.346997976303100586e+00 1.587996840476989746e+00 -1.633399724960327148e-01
-9.651734828948974609e-01 -1.061399817466735840e+00 8.873266577720642090e-01 2.014857232570648193e-01
-2.119590997695922852e+00 -2.685116529464721680e+00 2.926388263702392578e+00 -1.449763774871826172e-01
-1.880734443664550781e+00 -2.365740299224853516e+00 2.245126724243164062e+00 -1.546513140201568604e-01
-2.038356304168701172e+00 -2.601032733917236328e+00 3.172471761703491211e+00 2.345278561115264893e-01
-1.540620088577270508e+00 -2.322932004928588867e+00 2.339636325836181641e+00 4.343095421791076660e-02
-9.923075437545776367e-01 -2.441915273666381836e-01 7.447320222854614258e-01 4.000011384487152100e-01
1.487778663635253906e+00 1.924106478691101074e+00 2.432298183441162109e+00 1.229127049446105957e+00
-2.044904708862304688e+00 -2.413496732711791992e+00 2.109772920608520508e+00 1.341149210929870605e-02
-1.716052055358886719e+00 -2.457988262176513672e+00 2.582664012908935547e+00 3.119917809963226318e-01
-3.009463548660278320e-01 2.873805761337280273e-01 5.943156480789184570e-01 5.143898725509643555e-01
-5.240854024887084961e-01 4.602667093276977539e-01 7.053935527801513672e-01 2.232964932918548584e-01
1.373094081878662109e+00 2.295806884765625000e+00 2.691403388977050781e+00 1.256250739097595215e+00
1.324772834777832031e+00 2.754118204116821289e+00 2.958488941192626953e+00 1.304271101951599121e+00
1.518787145614624023e+00 2.547978878021240234e+00 2.851139068603515625e+00 1.336863160133361816e+00
-1.944283246994018555e+00 -2.477479457855224609e+00 2.740103721618652344e+00 -1.013171970844268799e-01
-1.434302806854248047e+00 -2.397012710571289062e+00 2.584195137023925781e+00 1.021518409252166748e-01
-1.598557472229003906e+00 -2.014032363891601562e+00 2.020168304443359375e-01 -3.155186772346496582e-01
-4.837886095046997070e-01 1.649535894393920898e-01 7.726360559463500977e-01 3.775658309459686279e-01
2.273726463317871094e-02 6.817270517349243164e-01 8.637593388557434082e-01 5.509957075119018555e-01
-1.553326845169067383e-01 6.148267984390258789e-01 6.966694593429565430e-01 3.786214292049407959e-01
2.655922770500183105e-01 5.391886234283447266e-01 9.570981264114379883e-01 5.808173418045043945e-01
1.233318746089935303e-01 5.855553150177001953e-01 1.053241968154907227e+00 6.138815879821777344e-01
1.742271184921264648e-01 5.877120494842529297e-01 1.139604687690734863e+00 6.079983711242675781e-01
3.674768507480621338e-01 6.572995185852050781e-01 1.205958604812622070e+00 6.007508039474487305e-01
3.282851576805114746e-01 7.968420386314392090e-01 1.234970927238464355e+00 6.879954338073730469e-01
2.855030298233032227e-01 8.328476548194885254e-01 1.286041975021362305e+00 7.716388702392578125e-01
1.236227750778198242e-01 8.466409444808959961e-01 1.294862985610961914e+00 8.210829496383666992e-01
1.424525976181030273e-01 7.877702116966247559e-01 1.344058513641357422e+00 8.232101202011108398e-01
-1.380115747451782227e-02 8.837265372276306152e-01 1.259514570236206055e+00 7.359043359756469727e-01
-1.074565649032592773e-01 8.252009153366088867e-01 1.223371624946594238e+00 7.160109281539916992e-01
-2.865131497383117676e-01 8.263424634933471680e-01 1.187975406646728516e+00 7.292205095291137695e-01
-3.295602798461914062e-01 8.562803268432617188e-01 1.144222736358642578e+00 7.095736265182495117e-01
-4.485681056976318359e-01 1.243044495582580566e+00 1.039062619209289551e+00 6.635383367538452148e-01
-3.939677476882934570e-01 1.455087423324584961e+00 1.065595865249633789e+00 6.471631526947021484e-01
-4.066075086593627930e-01 1.617086887359619141e+00 8.823097944259643555e-01 5.522271394729614258e-01
-3.717129826545715332e-01 1.648024797439575195e+00 8.697308897972106934e-01 5.078895092010498047e-01
-4.028238058090209961e-01 1.849113225936889648e+00 8.488934040069580078e-01 5.649044513702392578e-01
-4.502941370010375977e-01 2.062496423721313477e+00 9.509753584861755371e-01 6.933832168579101562e-01
-5.403001308441162109e-01 2.360509872436523438e+00 1.079722404479980469e+00 7.762095928192138672e-01
-5.993217229843139648e-01 2.413212776184082031e+00 1.046127080917358398e+00 7.386543750762939453e-01
-4.969053268432617188e-01 2.563858985900878906e+00 1.098184585571289062e+00 6.754170656204223633e-01
-4.707789421081542969e-01 2.676977634429931641e+00 1.037697553634643555e+00 6.689509153366088867e-01
-3.744794130325317383e-01 2.925794363021850586e+00 1.104867219924926758e+00 8.104746341705322266e-01
-4.412826299667358398e-01 2.943693637847900391e+00 9.087902903556823730e-01 7.064728736877441406e-01
-2.742102146148681641e-01 2.862207889556884766e+00 1.316389203071594238e+00 7.133251428604125977e-01
2.926839590072631836e-01 2.916118144989013672e+00 1.499327063560485840e+00 5.129137039184570312e-01
8.851723074913024902e-01 2.357738733291625977e+00 1.458533525466918945e+00 7.113790512084960938e-01
6.121867299079895020e-01 2.234736680984497070e+00 1.887681245803833008e+00 1.150584936141967773e+00
2.796691954135894775e-01 1.691900968551635742e+00 2.142717361450195312e+00 1.124887108802795410e+00
1.600365400314331055e+00 2.447128295898437500e+00 2.681127071380615234e+00 1.467268466949462891e+00
1.650798439979553223e+00 2.676065921783447266e+00 2.700652599334716797e+00 1.542145848274230957e+00
1.547860860824584961e+00 2.564778327941894531e+00 2.486087083816528320e+00 1.411254525184631348e+00
1.384696722030639648e+00 2.661279916763305664e+00 2.542102575302124023e+00 1.283295035362243652e+00
-1.806860923767089844e+00 -2.577529668807983398e+00 3.051054716110229492e+00 -1.547140181064605713e-01
-1.714638233184814453e+00 -2.565174579620361328e+00 3.208214282989501953e+00 -1.586049497127532959e-01
-1.636867284774780273e+00 -2.192841053009033203e+00 9.864902496337890625e-02 -2.157263159751892090e-01
-3.278735280036926270e-01 6.645438671112060547e-01 4.593079090118408203e-01 5.161472558975219727e-01
1.391825675964355469e-01 5.489032864570617676e-01 7.515690326690673828e-01 4.842467606067657471e-01
-1.476175785064697266e-01 8.401131629943847656e-02 5.922147035598754883e-01 4.323285520076751709e-01
8.785033226013183594e-02 2.712555527687072754e-01 6.280754804611206055e-01 5.084069967269897461e-01
1.307197213172912598e-01 3.614864945411682129e-01 4.598001241683959961e-01 5.549714565277099609e-01
1.939346492290496826e-01 5.584247708320617676e-01 3.845754861831665039e-01 6.981323957443237305e-01
2.440234422683715820e-01 5.832271575927734375e-01 3.149737119674682617e-01 7.538570165634155273e-01
2.352882027626037598e-01 6.395813226699829102e-01 1.803781986236572266e-01 8.610423803329467773e-01
2.217496037483215332e-01 7.784450650215148926e-01 1.398282051086425781e-01 9.553226232528686523e-01
1.328051388263702393e-01 9.000344276428222656e-01 2.188614606857299805e-01 1.016802668571472168e+00
1.591702699661254883e-01 8.994064331054687500e-01 2.601572275161743164e-01 1.008033275604248047e+00
7.664945721626281738e-02 8.758736848831176758e-01 1.515748500823974609e-01 9.865348339080810547e-01
-4.447901248931884766e-02 8.943010568618774414e-01 1.651954650878906250e-02 9.082581996917724609e-01
-1.577561497688293457e-01 9.661651253700256348e-01 -9.045946598052978516e-02 9.254455566406250000e-01
-7.046902179718017578e-02 9.758762717247009277e-01 -1.108667850494384766e-01 9.082074165344238281e-01
-2.231740951538085938e-01 1.125730872154235840e+00 -1.367094516754150391e-01 8.015098571777343750e-01
-2.719317078590393066e-01 1.227845072746276855e+00 -1.800036430358886719e-02 7.727532386779785156e-01
-4.471305608749389648e-01 1.441515088081359863e+00 8.328294754028320312e-02 6.678850650787353516e-01
-4.660665988922119141e-01 1.439458370208740234e+00 1.477735042572021484e-01 6.670490503311157227e-01
-5.399678945541381836e-01 1.681193947792053223e+00 1.911107301712036133e-01 8.563613891601562500e-01
-5.621510744094848633e-01 1.905901908874511719e+00 2.116346359252929688e-01 9.420067071914672852e-01
-4.709473848342895508e-01 2.127524137496948242e+00 3.930081129074096680e-01 1.062205195426940918e+00
-4.752962589263916016e-01 2.186228275299072266e+00 4.021867513656616211e-01 9.357278347015380859e-01
-4.436001777648925781e-01 2.302392482757568359e+00 5.260196924209594727e-01 8.883196115493774414e-01
-4.262886047363281250e-01 2.423376083374023438e+00 5.020546913146972656e-01 8.450199365615844727e-01
-1.953461170196533203e-01 2.617553710937500000e+00 5.440480709075927734e-01 9.205212593078613281e-01
-3.047316074371337891e-01 2.666996955871582031e+00 5.070403814315795898e-01 8.461010456085205078e-01
-2.210705876350402832e-01 2.801632404327392578e+00 7.403845787048339844e-01 6.675670146942138672e-01
6.365996599197387695e-02 2.827651739120483398e+00 1.055487632751464844e+00 6.437456607818603516e-01
1.100623607635498047e-02 2.589208126068115234e+00 1.274294734001159668e+00 6.118434667587280273e-01
3.626396954059600830e-01 2.511501550674438477e+00 1.483795881271362305e+00 1.018211841583251953e+00
3.353854417800903320e-01 2.344924449920654297e+00 1.937365293502807617e+00 1.216787934303283691e+00
8.718299865722656250e-01 2.013590335845947266e+00 2.802245140075683594e+00 1.376660108566284180e+00
1.314842462539672852e+00 2.762135505676269531e+00 2.534615039825439453e+00 1.527394652366638184e+00
1.620934247970581055e+00 2.908427476882934570e+00 2.269487380981445312e+00 1.607057213783264160e+00
1.465434670448303223e+00 2.886854171752929688e+00 1.869481682777404785e+00 1.449317336082458496e+00
1.718582153320312500e+00 2.780157566070556641e+00 2.058653593063354492e+00 1.223812460899353027e+00
1.262694239616394043e+00 2.636837005615234375e+00 2.202748060226440430e+00 1.097055077552795410e+00
1.372724294662475586e+00 2.743793725967407227e+00 2.741287469863891602e+00 1.228026986122131348e+00
-2.115237712860107422e-02 1.444445252418518066e-01 3.266308307647705078e-01 5.675978660583496094e-01
-1.482816934585571289e-01 -6.412041187286376953e-02 5.164337158203125000e-02 3.671171963214874268e-01
-1.975598931312561035e-01 1.967307925224304199e-01 4.759371280670166016e-01 6.283754110336303711e-01
-1.523405313491821289e-01 4.444645345211029053e-01 6.197140216827392578e-01 6.752923727035522461e-01
-3.816190361976623535e-01 6.267657279968261719e-01 7.598606348037719727e-01 6.995115280151367188e-01
-2.847826480865478516e-01 6.167000532150268555e-01 6.448485851287841797e-01 7.812651395797729492e-01
-3.270241618156433105e-01 5.746206045150756836e-01 6.881587505340576172e-01 9.114910364151000977e-01
-4.080958366394042969e-01 6.866568922996520996e-01 6.911607980728149414e-01 8.570978641510009766e-01
-2.830450534820556641e-01 8.674302101135253906e-01 7.455997467041015625e-01 9.494048357009887695e-01
-1.579424142837524414e-01 9.131105542182922363e-01 7.210730314254760742e-01 9.786674976348876953e-01
-2.799406051635742188e-01 8.324897289276123047e-01 5.935548543930053711e-01 1.043754220008850098e+00
-3.488909602165222168e-01 8.630995750427246094e-01 3.766930103302001953e-01 1.008100867271423340e+00
-3.722459077835083008e-01 9.822146296501159668e-01 1.742870807647705078e-01 1.089042663574218750e+00
-3.740456700325012207e-01 9.764499664306640625e-01 6.506013870239257812e-02 1.017370939254760742e+00
-5.176603794097900391e-01 1.129249334335327148e+00 -2.178394794464111328e-02 9.303575754165649414e-01
-4.745881557464599609e-01 1.264696002006530762e+00 8.858609199523925781e-02 9.000622034072875977e-01
-5.094869136810302734e-01 1.471860647201538086e+00 1.966657638549804688e-01 8.162218332290649414e-01
-5.643981695175170898e-01 1.444876909255981445e+00 2.888256311416625977e-01 7.427822351455688477e-01
-4.535729885101318359e-01 1.730206012725830078e+00 4.903460741043090820e-01 7.895884513854980469e-01
-4.373039007186889648e-01 1.939502120018005371e+00 4.724471569061279297e-01 8.234668970108032227e-01
-2.384936213493347168e-01 2.199368476867675781e+00 6.769840717315673828e-01 9.151010513305664062e-01
-1.634534001350402832e-01 2.190339088439941406e+00 6.608074903488159180e-01 8.428806066513061523e-01
-2.091672420501708984e-01 2.269927024841308594e+00 7.369071245193481445e-01 7.730401754379272461e-01
-1.884014010429382324e-01 2.414042472839355469e+00 7.168924808502197266e-01 6.290308237075805664e-01
9.991055727005004883e-02 2.565986871719360352e+00 6.623649597167968750e-01 6.590161323547363281e-01
2.323424816131591797e-02 2.538825988769531250e+00 4.135081768035888672e-01 5.969398021697998047e-01
9.116530418395996094e-03 2.777351856231689453e+00 6.713272333145141602e-01 6.007640361785888672e-01
3.680048286914825439e-01 2.990676164627075195e+00 1.008006811141967773e+00 7.709412574768066406e-01
6.205233335494995117e-01 2.989072561264038086e+00 1.440653443336486816e+00 7.366915941238403320e-01
4.297593533992767334e-01 2.943051815032958984e+00 1.717732071876525879e+00 1.066490292549133301e+00
6.662757396697998047e-01 2.472992897033691406e+00 2.059782266616821289e+00 1.561867594718933105e+00
1.105226874351501465e+00 2.420904159545898438e+00 2.371464014053344727e+00 1.517582535743713379e+00
1.110293030738830566e+00 2.195261955261230469e+00 2.335649490356445312e+00 1.315779805183410645e+00
1.127019286155700684e+00 2.567198991775512695e+00 2.458347320556640625e+00 1.685066580772399902e+00
1.248682975769042969e+00 2.725432872772216797e+00 2.436540603637695312e+00 1.652702689170837402e+00
1.114740848541259766e+00 2.919785499572753906e+00 2.242967367172241211e+00 1.432119846343994141e+00
1.641146779060363770e+00 3.049602508544921875e+00 2.517425537109375000e+00 1.331102490425109863e+00
1.607360959053039551e+00 2.840945243835449219e+00 2.355595588684082031e+00 1.172093510627746582e+00
1.572817087173461914e+00 3.032642841339111328e+00 2.344209194183349609e+00 1.263937950134277344e+00
1.272393226623535156e+00 2.865332365036010742e+00 2.615364313125610352e+00 1.598274588584899902e+00
2.044075131416320801e-01 2.197316884994506836e-01 -2.568998336791992188e-01 4.758329689502716064e-01
1.216149926185607910e-01 4.818912744522094727e-01 -2.003452777862548828e-01 7.719171047210693359e-01
5.482232570648193359e-02 6.578615903854370117e-01 7.762289047241210938e-02 8.865107297897338867e-01
-1.484933495521545410e-01 7.462403178215026855e-01 5.683698654174804688e-01 9.846153259277343750e-01
-1.484963297843933105e-01 6.568405032157897949e-01 6.208559274673461914e-01 9.611726999282836914e-01
-2.263990640640258789e-01 6.376107931137084961e-01 7.317973375320434570e-01 9.608856439590454102e-01
-2.210862040519714355e-01 6.406490206718444824e-01 7.401555776596069336e-01 1.102398753166198730e+00
-1.617618203163146973e-01 7.421240210533142090e-01 7.859739065170288086e-01 1.177381634712219238e+00
-5.693703889846801758e-02 7.518230676651000977e-01 8.048669695854187012e-01 1.171519875526428223e+00
-6.543290615081787109e-02 6.124515533447265625e-01 6.449348926544189453e-01 1.221167445182800293e+00
-1.550391912460327148e-01 5.206747055053710938e-01 4.438228607177734375e-01 1.245661139488220215e+00
-2.515115141868591309e-01 5.483256578445434570e-01 4.312667846679687500e-01 1.273578405380249023e+00
-2.529008984565734863e-01 4.974503219127655029e-01 4.887996912002563477e-01 1.242283463478088379e+00
-4.527082443237304688e-01 7.440614700317382812e-01 3.672589063644409180e-01 1.053695082664489746e+00
-5.062886476516723633e-01 8.954230546951293945e-01 4.225051403045654297e-01 9.751001596450805664e-01
-5.202993154525756836e-01 1.038777947425842285e+00 4.195476770401000977e-01 9.556914567947387695e-01
-4.979707002639770508e-01 1.016682147979736328e+00 4.075517654418945312e-01 9.286001920700073242e-01
-4.726341962814331055e-01 1.179869651794433594e+00 4.500845670700073242e-01 9.257718324661254883e-01
-2.441239953041076660e-01 1.310511112213134766e+00 3.977882862091064453e-01 8.668489456176757812e-01
-5.049467086791992188e-03 1.541769504547119141e+00 4.933137893676757812e-01 9.036023616790771484e-01
-1.137673854827880859e-02 1.547769308090209961e+00 4.858816862106323242e-01 7.947419881820678711e-01
-3.132581710815429688e-03 1.667365312576293945e+00 4.305977821350097656e-01 6.492193937301635742e-01
-1.564025878906250000e-01 1.688423275947570801e+00 4.202047586441040039e-01 6.556738615036010742e-01
-7.824069261550903320e-02 1.798794031143188477e+00 5.049624443054199219e-01 6.536988019943237305e-01
-4.700404405593872070e-02 1.848808288574218750e+00 3.648607730865478516e-01 5.310331583023071289e-01
-3.062441945075988770e-01 2.320754051208496094e+00 6.395738124847412109e-01 6.328653097152709961e-01
-1.878154277801513672e-02 2.685124874114990234e+00 1.076711177825927734e+00 9.351437091827392578e-01
4.908013641834259033e-01 3.058129549026489258e+00 1.750419855117797852e+00 1.181173324584960938e+00
5.405113697052001953e-01 2.914280652999877930e+00 2.036347389221191406e+00 1.391275525093078613e+00
6.915682554244995117e-01 2.762115240097045898e+00 2.359490156173706055e+00 1.552936911582946777e+00
9.895590543746948242e-01 2.919079542160034180e+00 2.488763570785522461e+00 1.369757294654846191e+00
1.420082211494445801e+00 2.576815366744995117e+00 2.373346805572509766e+00 1.370787739753723145e+00
1.051563024520874023e+00 2.427791595458984375e+00 2.332434177398681641e+00 1.552042126655578613e+00
1.072716712951660156e+00 2.583227157592773438e+00 2.251874923706054688e+00 1.677743792533874512e+00
1.132827043533325195e+00 2.940148830413818359e+00 2.032159805297851562e+00 1.625501036643981934e+00
1.698251843452453613e+00 3.247814416885375977e+00 2.481618642807006836e+00 1.599962592124938965e+00
1.640356779098510742e+00 3.217160463333129883e+00 2.433447837829589844e+00 1.326016902923583984e+00
1.616261601448059082e+00 3.222172737121582031e+00 2.470273971557617188e+00 1.438284516334533691e+00
1.407445669174194336e+00 3.155403614044189453e+00 2.335893154144287109e+00 1.500904798507690430e+00
1.256258726119995117e+00 3.041950225830078125e+00 2.492578506469726562e+00 1.472172260284423828e+00
1.121048927307128906e+00 2.960324048995971680e+00 2.858203411102294922e+00 1.326737999916076660e+00
-3.284913301467895508e-02 6.938058733940124512e-01 3.781689405441284180e-01 8.662164211273193359e-01
-5.462938547134399414e-02 7.051773667335510254e-01 3.321584463119506836e-01 9.630072116851806641e-01
-1.601244211196899414e-01 7.732216119766235352e-01 4.451347589492797852e-01 1.141138911247253418e+00
-2.453190684318542480e-01 9.168809652328491211e-01 5.674221515655517578e-01 1.197625160217285156e+00
-3.719419240951538086e-01 1.073521852493286133e+00 7.414728403091430664e-01 1.256753325462341309e+00
-2.908025979995727539e-01 9.179580211639404297e-01 7.480828762054443359e-01 1.338738918304443359e+00
-4.828839302062988281e-01 6.868339776992797852e-01 5.217741727828979492e-01 1.328039050102233887e+00
-5.896062850952148438e-01 5.822705030441284180e-01 3.821241855621337891e-01 1.376933813095092773e+00
-5.631548166275024414e-01 5.371234416961669922e-01 3.422361612319946289e-01 1.643334031105041504e+00
-5.315510034561157227e-01 5.050468444824218750e-01 3.578315973281860352e-01 1.572057366371154785e+00
-7.847988605499267578e-01 7.236754894256591797e-01 3.013405799865722656e-01 1.300793528556823730e+00
-8.216100931167602539e-01 9.055185914039611816e-01 3.309046030044555664e-01 1.246244311332702637e+00
-7.660211324691772461e-01 1.055186033248901367e+00 3.245637416839599609e-01 1.276979804039001465e+00
-8.379124402999877930e-01 1.006745100021362305e+00 3.973020315170288086e-01 1.135898351669311523e+00
-8.979059457778930664e-01 1.137268304824829102e+00 5.800999402999877930e-01 1.134440302848815918e+00
-7.089338302612304688e-01 1.294707655906677246e+00 6.300971508026123047e-01 1.067568778991699219e+00
-4.085873365402221680e-01 1.432990431785583496e+00 7.175759077072143555e-01 1.059841275215148926e+00
-4.807447195053100586e-01 1.400436758995056152e+00 6.138888597488403320e-01 1.002533197402954102e+00
-4.548916816711425781e-01 1.509376525878906250e+00 5.348045825958251953e-01 9.365578889846801758e-01
-4.409071207046508789e-01 1.523410081863403320e+00 6.463711261749267578e-01 9.395503997802734375e-01
-4.771656990051269531e-01 1.719011545181274414e+00 8.854641318321228027e-01 9.826626777648925781e-01
-3.898930549621582031e-01 1.761606335639953613e+00 9.146636724472045898e-01 8.629404306411743164e-01
-4.210281372070312500e-01 2.033409595489501953e+00 1.305030822753906250e+00 9.932656288146972656e-01
-1.484342217445373535e-01 2.374012708663940430e+00 1.715172052383422852e+00 1.155096888542175293e+00
3.873872756958007812e-01 2.743772745132446289e+00 2.392743587493896484e+00 1.252305746078491211e+00
3.992247879505157471e-01 2.824413776397705078e+00 2.471537351608276367e+00 1.332341790199279785e+00
5.967935323715209961e-01 2.729161739349365234e+00 2.569161415100097656e+00 1.435276031494140625e+00
9.415625929832458496e-01 3.043924808502197266e+00 2.303970098495483398e+00 1.365311503410339355e+00
1.142350435256958008e+00 2.341149806976318359e+00 2.399014949798583984e+00 1.385136842727661133e+00
1.051855444908142090e+00 2.387939214706420898e+00 2.228498458862304688e+00 1.549139618873596191e+00
8.619760274887084961e-01 2.555557250976562500e+00 2.233913421630859375e+00 1.606012463569641113e+00
1.001149296760559082e+00 2.774595975875854492e+00 2.094835519790649414e+00 1.527344822883605957e+00
1.251379489898681641e+00 3.056587934494018555e+00 2.529473066329956055e+00 1.492626905441284180e+00
1.380873918533325195e+00 3.166377305984497070e+00 2.633233547210693359e+00 1.367467880249023438e+00
1.600937724113464355e+00 3.210907459259033203e+00 2.758938789367675781e+00 1.410969972610473633e+00
1.578076362609863281e+00 3.164548635482788086e+00 2.583693027496337891e+00 1.462240338325500488e+00
1.458449363708496094e+00 2.964625120162963867e+00 2.433103561401367188e+00 1.399902939796447754e+00
1.305818080902099609e+00 2.846677064895629883e+00 2.549649238586425781e+00 1.455985069274902344e+00
1.380868554115295410e+00 2.846884727478027344e+00 2.811609029769897461e+00 1.385698437690734863e+00
-1.571840047836303711e-01 1.309595108032226562e+00 5.544348955154418945e-01 1.199009537696838379e+00
-7.864701747894287109e-02 1.193201303482055664e+00 6.141520738601684570e-01 1.139027953147888184e+00
-3.982601165771484375e-01 8.935681581497192383e-01 4.678877592086791992e-01 1.132983207702636719e+00
-5.014963150024414062e-01 7.150730490684509277e-01 4.375458955764770508e-01 1.299594402313232422e+00
-4.918472766876220703e-01 8.748604655265808105e-01 3.900601863861083984e-01 1.363990664482116699e+00
-5.056546926498413086e-01 9.173711538314819336e-01 3.093129396438598633e-01 1.352936148643493652e+00
-6.894407272338867188e-01 9.880518913269042969e-01 1.678540706634521484e-01 1.292197108268737793e+00
-7.322496175765991211e-01 1.168412685394287109e+00 1.236827373504638672e-01 1.238358259201049805e+00
-7.223793268203735352e-01 1.338336348533630371e+00 1.808254718780517578e-01 1.302559971809387207e+00
-7.509942054748535156e-01 1.237890243530273438e+00 1.523851156234741211e-01 1.288021802902221680e+00
-9.101411104202270508e-01 1.411515235900878906e+00 3.116571903228759766e-01 1.208234667778015137e+00
-8.553897142410278320e-01 1.478625178337097168e+00 4.610800743103027344e-01 1.277693271636962891e+00
-5.776594877243041992e-01 1.432212829589843750e+00 6.075141429901123047e-01 1.283214092254638672e+00
-6.316887140274047852e-01 1.358061313629150391e+00 5.287444591522216797e-01 1.178773403167724609e+00
-6.328284740447998047e-01 1.556385755538940430e+00 6.017842292785644531e-01 1.181636929512023926e+00
-5.287456512451171875e-01 1.739420413970947266e+00 7.231116294860839844e-01 1.167257785797119141e+00
-3.934048414230346680e-01 1.936294913291931152e+00 9.784088730812072754e-01 1.193817734718322754e+00
-4.596399068832397461e-01 1.898801445960998535e+00 9.898657202720642090e-01 1.200866222381591797e+00
-4.134571552276611328e-01 2.114607810974121094e+00 1.442537784576416016e+00 1.206517100334167480e+00
-1.466621160507202148e-01 2.411915540695190430e+00 1.708877682685852051e+00 1.231919527053833008e+00
4.661628007888793945e-01 2.527706384658813477e+00 2.211962461471557617e+00 1.443647384643554688e+00
5.536752939224243164e-01 2.544769763946533203e+00 2.176674842834472656e+00 1.473664283752441406e+00
7.628306150436401367e-01 2.460526704788208008e+00 2.483305454254150391e+00 1.542952895164489746e+00
9.294934272766113281e-01 2.834923267364501953e+00 2.313676595687866211e+00 1.417111396789550781e+00
9.508306980133056641e-01 2.633801937103271484e+00 2.345836400985717773e+00 1.372176527976989746e+00
1.140249371528625488e+00 2.376573562622070312e+00 2.280786991119384766e+00 1.542597174644470215e+00
7.800959348678588867e-01 2.481271982192993164e+00 2.218614101409912109e+00 1.409528851509094238e+00
6.086987853050231934e-01 2.533746719360351562e+00 2.165838718414306641e+00 1.436944246292114258e+00
9.293838143348693848e-01 2.617065429687500000e+00 2.342300176620483398e+00 1.545713067054748535e+00
1.082242965698242188e+00 2.905951738357543945e+00 2.404105186462402344e+00 1.573592543601989746e+00
1.182238817214965820e+00 3.054241657257080078e+00 2.668611288070678711e+00 1.668409705162048340e+00
1.291443109512329102e+00 3.129478693008422852e+00 2.584269523620605469e+00 1.566588997840881348e+00
1.141899824142456055e+00 2.970319271087646484e+00 2.442000865936279297e+00 1.602254509925842285e+00
1.250543117523193359e+00 2.932565927505493164e+00 2.388226747512817383e+00 1.427721738815307617e+00
1.567273974418640137e+00 2.835108757019042969e+00 2.481961965560913086e+00 1.498779296875000000e+00
1.879534959793090820e+00 2.840242385864257812e+00 2.615131616592407227e+00 1.603148579597473145e+00
2.332025289535522461e+00 2.798144340515136719e+00 2.487641096115112305e+00 1.455676317214965820e+00
-3.977696895599365234e-01 9.870682954788208008e-01 2.666560411453247070e-01 1.059479355812072754e+00
-4.167355895042419434e-01 1.033244252204895020e+00 3.721082210540771484e-01 1.039033412933349609e+00
-4.539126157760620117e-01 1.218575954437255859e+00 5.020517110824584961e-01 1.055639028549194336e+00
-5.251636505126953125e-01 1.214067339897155762e+00 4.892408847808837891e-01 1.046117305755615234e+00
-5.745935440063476562e-01 1.399646282196044922e+00 6.361311674118041992e-01 1.136686086654663086e+00
-5.434286594390869141e-01 1.481375932693481445e+00 8.220605850219726562e-01 1.163038730621337891e+00
-4.641063213348388672e-01 1.517329812049865723e+00 1.038167238235473633e+00 1.157164573669433594e+00
-4.209093451499938965e-01 1.443575859069824219e+00 1.062321901321411133e+00 1.074545025825500488e+00
-4.403423070907592773e-01 1.697594761848449707e+00 1.091786623001098633e+00 1.050461053848266602e+00
-3.289141058921813965e-01 1.905115723609924316e+00 1.134794473648071289e+00 1.066382884979248047e+00
-2.283684611320495605e-01 2.089412212371826172e+00 1.307671070098876953e+00 1.096999526023864746e+00
-1.799008846282958984e-01 2.069348812103271484e+00 1.236059904098510742e+00 1.142612934112548828e+00
-2.364757061004638672e-01 2.576056480407714844e+00 1.991829156875610352e+00 1.439977645874023438e+00
-9.615421295166015625e-04 2.337424039840698242e+00 2.599518775939941406e+00 1.528036952018737793e+00
2.867637574672698975e-01 2.481063365936279297e+00 2.614622116088867188e+00 1.615702509880065918e+00
5.180555582046508789e-01 2.473587512969970703e+00 2.692077636718750000e+00 1.634903311729431152e+00
3.611172437667846680e-01 2.660485267639160156e+00 2.559250593185424805e+00 1.481019735336303711e+00
5.892847776412963867e-01 2.447499275207519531e+00 2.573906898498535156e+00 1.365980744361877441e+00
5.123099684715270996e-01 2.542974472045898438e+00 2.551176548004150391e+00 1.375381827354431152e+00
4.850780665874481201e-01 1.917937278747558594e+00 2.394283294677734375e+00 1.008959054946899414e+00
8.095114231109619141e-01 2.160928964614868164e+00 2.285082817077636719e+00 1.500271916389465332e+00
6.174258589744567871e-01 2.328391075134277344e+00 2.172598361968994141e+00 1.402074694633483887e+00
4.441647827625274658e-01 2.303583621978759766e+00 2.298912048339843750e+00 1.397963523864746094e+00
2.991926074028015137e-01 2.408455371856689453e+00 2.386103630065917969e+00 1.517055630683898926e+00
6.299317479133605957e-01 2.640668869018554688e+00 2.389187335968017578e+00 1.670845150947570801e+00
8.001403212547302246e-01 2.812498569488525391e+00 2.458771705627441406e+00 1.826085925102233887e+00
8.949027061462402344e-01 2.903386354446411133e+00 2.527433395385742188e+00 1.770015358924865723e+00
9.287596940994262695e-01 2.926738262176513672e+00 2.722058773040771484e+00 1.670417428016662598e+00
8.522539138793945312e-01 2.964513540267944336e+00 2.709790945053100586e+00 1.545706391334533691e+00
1.310511350631713867e+00 3.035701513290405273e+00 2.642298221588134766e+00 1.513649821281433105e+00
1.524030327796936035e+00 2.965546369552612305e+00 2.533508300781250000e+00 1.642804503440856934e+00
1.906841993331909180e+00 2.732700109481811523e+00 2.427449703216552734e+00 1.621534705162048340e+00
2.597294807434082031e+00 2.464614629745483398e+00 2.468374967575073242e+00 1.634739279747009277e+00
2.844813108444213867e+00 2.241460323333740234e+00 2.141952991485595703e+00 1.563370108604431152e+00
6.089955568313598633e-01 2.440927028656005859e+00 2.283664464950561523e+00 1.543343663215637207e+00
6.566216349601745605e-01 2.173601388931274414e+00 2.026468276977539062e+00 1.425805568695068359e+00
5.187714099884033203e-01 2.156872034072875977e+00 2.129844903945922852e+00 1.464394688606262207e+00
1.926020979881286621e-01 2.239130735397338867e+00 2.174935579299926758e+00 1.496609807014465332e+00
3.942137360572814941e-01 2.356396675109863281e+00 2.013103961944580078e+00 1.775177359580993652e+00
6.007407307624816895e-01 2.432126998901367188e+00 1.832502007484436035e+00 2.030184030532836914e+00
6.959258913993835449e-01 2.514399051666259766e+00 1.887712240219116211e+00 2.043150663375854492e+00
1.137482643127441406e+00 2.659239768981933594e+00 2.287511825561523438e+00 2.022142887115478516e+00
1.207126140594482422e+00 2.881016492843627930e+00 2.300867319107055664e+00 1.919407248497009277e+00
1.546887993812561035e+00 3.103149890899658203e+00 2.643119335174560547e+00 1.892409682273864746e+00
1.518269538879394531e+00 3.133411884307861328e+00 2.880183696746826172e+00 1.909938931465148926e+00
1.629329919815063477e+00 3.201264381408691406e+00 2.639970779418945312e+00 1.732729554176330566e+00
2.206836700439453125e+00 2.941415548324584961e+00 2.898518562316894531e+00 1.768653512001037598e+00
2.391378402709960938e+00 2.898223638534545898e+00 2.548334836959838867e+00 1.413914322853088379e+00
2.566331863403320312e+00 2.778017520904541016e+00 2.772358417510986328e+00 1.556730151176452637e+00
3.145856380462646484e+00 2.819386482238769531e+00 2.499449491500854492e+00 1.465027332305908203e+00
3.550608158111572266e+00 2.532665967941284180e+00 2.380218267440795898e+00 1.301172733306884766e+00
5.124129652976989746e-01 2.122852563858032227e+00 2.012319087982177734e+00 1.105968952178955078e+00
6.280682682991027832e-01 2.135341644287109375e+00 1.998246073722839355e+00 1.274641633033752441e+00
5.439414381980895996e-01 2.290799617767333984e+00 2.132242679595947266e+00 1.361800432205200195e+00
5.637290477752685547e-01 2.165358066558837891e+00 2.104238271713256836e+00 1.472652196884155273e+00
4.173421263694763184e-01 2.218294858932495117e+00 2.116569042205810547e+00 1.480042576789855957e+00
6.083542704582214355e-01 2.294170856475830078e+00 2.187032699584960938e+00 1.782838940620422363e+00
7.323065996170043945e-01 2.480636596679687500e+00 2.150492191314697266e+00 1.957311272621154785e+00
9.229876995086669922e-01 2.445854425430297852e+00 2.111410617828369141e+00 2.067535161972045898e+00
1.121932864189147949e+00 2.526515960693359375e+00 2.301018714904785156e+00 2.112030267715454102e+00
1.300795078277587891e+00 2.920579195022583008e+00 2.200789451599121094e+00 1.894737124443054199e+00
1.800193786621093750e+00 3.051183700561523438e+00 2.565271854400634766e+00 1.906746029853820801e+00
1.763282299041748047e+00 3.222024202346801758e+00 2.568544149398803711e+00 1.786340594291687012e+00
1.813156366348266602e+00 3.222923994064331055e+00 2.887283086776733398e+00 1.627487301826477051e+00
2.042765617370605469e+00 3.188197135925292969e+00 3.089720010757446289e+00 1.542493224143981934e+00
2.582766532897949219e+00 3.130675315856933594e+00 2.967773199081420898e+00 1.537187457084655762e+00
2.545029640197753906e+00 3.001275777816772461e+00 2.841252326965332031e+00 1.600151181221008301e+00
3.123152732849121094e+00 2.871581554412841797e+00 2.398773193359375000e+00 1.540776371955871582e+00
3.439450263977050781e+00 2.427597761154174805e+00 2.308383941650390625e+00 1.495410323143005371e+00
3.527989387512207031e+00 2.198409795761108398e+00 1.986485004425048828e+00 1.293440818786621094e+00
3.533463239669799805e+00 1.951727867126464844e+00 2.167470932006835938e+00 1.292933702468872070e+00
3.425244331359863281e+00 1.231955051422119141e+00 2.200304508209228516e+00 1.308051943778991699e+00
6.421477198600769043e-01 1.901676058769226074e+00 2.139135837554931641e+00 1.441335916519165039e+00
7.478488683700561523e-01 1.954385042190551758e+00 2.066275358200073242e+00 1.649858355522155762e+00
9.847159981727600098e-01 2.249379396438598633e+00 2.164118289947509766e+00 1.729961752891540527e+00
1.039624214172363281e+00 2.240251541137695312e+00 2.038433074951171875e+00 1.745482802391052246e+00
1.023163080215454102e+00 2.242287158966064453e+00 2.189265251159667969e+00 1.853294253349304199e+00
1.307949185371398926e+00 2.529825448989868164e+00 2.198197603225708008e+00 1.837016224861145020e+00
1.736493468284606934e+00 2.621901988983154297e+00 2.395243167877197266e+00 1.881982207298278809e+00
1.717291831970214844e+00 2.719197511672973633e+00 2.355176448822021484e+00 1.802875161170959473e+00
1.756739377975463867e+00 2.943096637725830078e+00 2.569754123687744141e+00 1.671222329139709473e+00
1.983412027359008789e+00 2.947677850723266602e+00 2.661400079727172852e+00 1.654295086860656738e+00
2.342332124710083008e+00 2.889598369598388672e+00 2.918639659881591797e+00 1.871901869773864746e+00
2.258719205856323242e+00 3.067936897277832031e+00 3.002817392349243164e+00 1.741338610649108887e+00
2.278187751770019531e+00 3.001447677612304688e+00 2.778766870498657227e+00 1.583948969841003418e+00
2.647335529327392578e+00 2.661834716796875000e+00 2.628901243209838867e+00 1.443620920181274414e+00
2.954530954360961914e+00 2.305387258529663086e+00 2.119745969772338867e+00 1.333328604698181152e+00
2.878189563751220703e+00 1.969282269477844238e+00 1.895563483238220215e+00 1.426785826683044434e+00
2.838459491729736328e+00 1.527398228645324707e+00 1.667383551597595215e+00 1.409232497215270996e+00
2.987224817276000977e+00 1.182369709014892578e+00 1.861248016357421875e+00 1.528632283210754395e+00
3.327479600906372070e+00 1.118113517761230469e+00 1.838403463363647461e+00 1.364193677902221680e+00
7.612391114234924316e-01 1.904333829879760742e+00 1.797304511070251465e+00 1.430983424186706543e+00
1.036269664764404297e+00 2.179374456405639648e+00 1.951244592666625977e+00 1.671598553657531738e+00
1.029630661010742188e+00 2.027387619018554688e+00 2.106471538543701172e+00 1.673161864280700684e+00
1.055929422378540039e+00 2.085876226425170898e+00 2.152561187744140625e+00 1.685428738594055176e+00
1.038743615150451660e+00 2.183651447296142578e+00 2.148258686065673828e+00 1.951241374015808105e+00
1.284892439842224121e+00 2.215456247329711914e+00 2.428187847137451172e+00 1.964788079261779785e+00
1.289132356643676758e+00 2.293925046920776367e+00 2.388867378234863281e+00 1.835546135902404785e+00
1.610146522521972656e+00 2.483539819717407227e+00 2.615761518478393555e+00 1.788434624671936035e+00
1.547349929809570312e+00 2.608911037445068359e+00 2.630004405975341797e+00 1.752964377403259277e+00
1.753054857254028320e+00 2.707143306732177734e+00 2.816504955291748047e+00 1.834915041923522949e+00
1.823454380035400391e+00 2.891191959381103516e+00 2.816473960876464844e+00 1.738634467124938965e+00
1.797941327095031738e+00 2.583254337310791016e+00 2.968689680099487305e+00 1.619255661964416504e+00
1.731413722038269043e+00 2.355643987655639648e+00 3.129575729370117188e+00 1.615286946296691895e+00
2.121248722076416016e+00 2.089176177978515625e+00 2.933282852172851562e+00 1.432951688766479492e+00
2.007325172424316406e+00 1.980130195617675781e+00 2.720377445220947266e+00 1.495991468429565430e+00
2.181073188781738281e+00 1.801357984542846680e+00 2.419208526611328125e+00 1.530106425285339355e+00
2.617248535156250000e+00 1.615772008895874023e+00 2.370774507522583008e+00 1.587996125221252441e+00
2.902751684188842773e+00 1.502368688583374023e+00 2.116593360900878906e+00 1.630450606346130371e+00
2.851914405822753906e+00 1.448261260986328125e+00 1.966933250427246094e+00 1.633129477500915527e+00
3.051041603088378906e+00 1.460694789886474609e+00 2.020836830139160156e+00 1.575507044792175293e+00
3.116685867309570312e+00 1.186027407646179199e+00 2.056417942047119141e+00 1.543378949165344238e+00
3.165275335311889648e+00 1.100345373153686523e+00 2.005609750747680664e+00 1.519538283348083496e+00
3.285031795501708984e+00 1.021677494049072266e+00 2.186843156814575195e+00 1.520882964134216309e+00
3.413814067840576172e+00 1.000928163528442383e+00 2.222390651702880859e+00 1.348363876342773438e+00
1.466505050659179688e+00 1.966089367866516113e+00 1.968273758888244629e+00 1.585622906684875488e+00
1.292441606521606445e+00 2.036533355712890625e+00 1.930586814880371094e+00 1.709554314613342285e+00
1.257046461105346680e+00 2.036658048629760742e+00 2.155391216278076172e+00 1.829797148704528809e+00
1.233100652694702148e+00 2.005718708038330078e+00 2.058417558670043945e+00 1.816264986991882324e+00
1.442120909690856934e+00 2.051079750061035156e+00 2.174722909927368164e+00 1.910486102104187012e+00
1.383692264556884766e+00 2.211409330368041992e+00 2.100868701934814453e+00 1.844613432884216309e+00
1.504341125488281250e+00 2.453793525695800781e+00 2.329731464385986328e+00 1.843063473701477051e+00
1.538247585296630859e+00 2.336191177368164062e+00 2.364293575286865234e+00 1.758882880210876465e+00
1.777838349342346191e+00 2.102604866027832031e+00 2.513317108154296875e+00 1.853005766868591309e+00
1.882734417915344238e+00 2.028308391571044922e+00 2.465281963348388672e+00 1.808246016502380371e+00
1.844970822334289551e+00 1.783512353897094727e+00 2.507209062576293945e+00 1.951369643211364746e+00
1.857286691665649414e+00 1.821077823638916016e+00 2.549026489257812500e+00 2.031854629516601562e+00
1.810140609741210938e+00 2.208505392074584961e+00 2.672945976257324219e+00 1.889281153678894043e+00
2.105056285858154297e+00 2.266266345977783203e+00 2.704328060150146484e+00 1.901265501976013184e+00
2.594003200531005859e+00 2.265778541564941406e+00 2.514188051223754883e+00 1.971638083457946777e+00
2.660226821899414062e+00 2.261508941650390625e+00 2.280171155929565430e+00 1.835030198097229004e+00
2.854668140411376953e+00 2.176233768463134766e+00 2.022413730621337891e+00 1.754266858100891113e+00
2.972513437271118164e+00 1.931949853897094727e+00 1.815421104431152344e+00 1.747506499290466309e+00
2.852655410766601562e+00 1.787068724632263184e+00 1.585459709167480469e+00 1.704844594001770020e+00
2.863389968872070312e+00 1.700373411178588867e+00 1.762603521347045898e+00 1.853991389274597168e+00
2.869624137878417969e+00 1.672562956809997559e+00 1.893968462944030762e+00 1.688743948936462402e+00
3.122936964035034180e+00 1.723844170570373535e+00 2.128748178482055664e+00 1.801823496818542480e+00
3.351115942001342773e+00 1.877193927764892578e+00 2.216466665267944336e+00 1.734854817390441895e+00
3.607827425003051758e+00 1.763469696044921875e+00 2.181315898895263672e+00 1.764486670494079590e+00
3.890767812728881836e+00 1.873407721519470215e+00 1.929069519042968750e+00 1.563874363899230957e+00
1.090732097625732422e+00 2.209023952484130859e+00 2.152802944183349609e+00 1.775621294975280762e+00
1.003709435462951660e+00 2.073061466217041016e+00 2.119961261749267578e+00 1.748833060264587402e+00
1.071288228034973145e+00 1.950232982635498047e+00 2.354097127914428711e+00 1.910940051078796387e+00
1.261574983596801758e+00 2.064437866210937500e+00 2.246223926544189453e+00 1.967477679252624512e+00
1.507276773452758789e+00 2.202572345733642578e+00 2.525273323059082031e+00 1.987308144569396973e+00
1.566009759902954102e+00 2.155090332031250000e+00 2.458137273788452148e+00 1.946898102760314941e+00
1.870742678642272949e+00 2.109531402587890625e+00 2.477850437164306641e+00 1.966248869895935059e+00
1.950348496437072754e+00 2.066393375396728516e+00 2.499186992645263672e+00 1.791886210441589355e+00
1.751384496688842773e+00 1.884168505668640137e+00 2.428119659423828125e+00 1.854444384574890137e+00
1.760940432548522949e+00 1.860913753509521484e+00 2.451727867126464844e+00 2.042382240295410156e+00
1.651642799377441406e+00 2.064293384552001953e+00 2.618050813674926758e+00 1.923693537712097168e+00
1.642841339111328125e+00 2.093050003051757812e+00 2.795423269271850586e+00 1.940861582756042480e+00
2.299167394638061523e+00 2.229316234588623047e+00 2.760021686553955078e+00 1.968615651130676270e+00
2.448010683059692383e+00 2.286482334136962891e+00 2.559653282165527344e+00 1.834854722023010254e+00
2.620634794235229492e+00 2.174435853958129883e+00 2.413005828857421875e+00 1.720885157585144043e+00
2.710837364196777344e+00 2.106766462326049805e+00 2.409232616424560547e+00 1.664362311363220215e+00
2.716150999069213867e+00 2.050095558166503906e+00 2.206332445144653320e+00 1.599954485893249512e+00
2.832317590713500977e+00 2.023881196975708008e+00 2.170608043670654297e+00 1.726158499717712402e+00
2.921398162841796875e+00 1.871710538864135742e+00 2.013229131698608398e+00 1.728661656379699707e+00
3.059755086898803711e+00 1.777874708175659180e+00 1.863837718963623047e+00 1.845719218254089355e+00
3.250807285308837891e+00 1.739021182060241699e+00 1.831398606300354004e+00 1.824141383171081543e+00
3.114918947219848633e+00 1.786802649497985840e+00 1.890812993049621582e+00 1.818750023841857910e+00
3.338809728622436523e+00 1.808263301849365234e+00 1.843857288360595703e+00 1.733884930610656738e+00
3.330431222915649414e+00 1.696958780288696289e+00 1.718160986900329590e+00 1.640882134437561035e+00
3.503097057342529297e+00 1.626276254653930664e+00 1.604415535926818848e+00 1.561489224433898926e+00
3.506986379623413086e+00 1.602464675903320312e+00 1.491434812545776367e+00 1.546459078788757324e+00
3.503750085830688477e+00 1.933985948562622070e+00 1.527542114257812500e+00 1.426857113838195801e+00
3.637604951858520508e+00 2.040811538696289062e+00 1.768736839294433594e+00 1.318379759788513184e+00
4.081189155578613281e+00 2.330702781677246094e+00 1.836823463439941406e+00 1.244257569313049316e+00
4.093450546264648438e+00 2.402785539627075195e+00 1.675523519515991211e+00 1.167154908180236816e+00
4.371178627014160156e+00 2.515880823135375977e+00 1.638603687286376953e+00 1.095944643020629883e+00
4.413354873657226562e+00 2.541849136352539062e+00 1.510989665985107422e+00 1.079673171043395996e+00
4.400550842285156250e+00 2.600164413452148438e+00 1.726885318756103516e+00 1.112336039543151855e+00
1.017908811569213867e+00 2.037596702575683594e+00 2.278858184814453125e+00 1.794757008552551270e+00
1.101106643676757812e+00 2.058459520339965820e+00 2.306623697280883789e+00 1.867523789405822754e+00
1.326665639877319336e+00 2.097147226333618164e+00 2.569078922271728516e+00 1.864880681037902832e+00
1.402459740638732910e+00 2.021636962890625000e+00 2.448580503463745117e+00 1.829228043556213379e+00
1.713994026184082031e+00 2.043039083480834961e+00 2.440633296966552734e+00 1.879408001899719238e+00
1.753644227981567383e+00 2.001549243927001953e+00 2.394877672195434570e+00 1.839201331138610840e+00
1.678068518638610840e+00 2.004961967468261719e+00 2.333742141723632812e+00 1.808724045753479004e+00
1.722354769706726074e+00 1.967434048652648926e+00 2.358868122100830078e+00 1.880412220954895020e+00
1.954235911369323730e+00 1.935011148452758789e+00 2.422137260437011719e+00 1.947285056114196777e+00
2.020458221435546875e+00 2.013992309570312500e+00 2.352889537811279297e+00 2.001559972763061523e+00
2.354935646057128906e+00 1.955167293548583984e+00 2.626391887664794922e+00 1.985834240913391113e+00
2.432472705841064453e+00 1.931682109832763672e+00 2.769100427627563477e+00 1.898148179054260254e+00
2.429797172546386719e+00 1.973290443420410156e+00 2.627820014953613281e+00 1.849389433860778809e+00
2.617434740066528320e+00 2.025891780853271484e+00 2.573139429092407227e+00 1.790007472038269043e+00
2.533634185791015625e+00 1.998278617858886719e+00 2.447553634643554688e+00 1.769268155097961426e+00
2.625424146652221680e+00 2.078988552093505859e+00 2.448981761932373047e+00 1.848035216331481934e+00
2.545178890228271484e+00 2.080933094024658203e+00 2.385632514953613281e+00 1.782498717308044434e+00
2.548574686050415039e+00 2.016374826431274414e+00 2.234021425247192383e+00 1.825881838798522949e+00
2.589550256729125977e+00 2.006042957305908203e+00 2.124458074569702148e+00 1.780151963233947754e+00
2.614871978759765625e+00 1.969515919685363770e+00 2.023134708404541016e+00 1.832149863243103027e+00
2.803925991058349609e+00 1.969935536384582520e+00 2.029695749282836914e+00 2.071806430816650391e+00
2.768242120742797852e+00 2.005016803741455078e+00 1.963916063308715820e+00 1.891896367073059082e+00
2.882458925247192383e+00 2.002095222473144531e+00 1.883895397186279297e+00 1.760052323341369629e+00
3.031420230865478516e+00 2.057714223861694336e+00 1.694350719451904297e+00 1.733022809028625488e+00
3.054903984069824219e+00 2.273446321487426758e+00 1.616950750350952148e+00 1.692170739173889160e+00
3.066297531127929688e+00 2.378520011901855469e+00 1.575636982917785645e+00 1.723554491996765137e+00
3.267439603805541992e+00 2.566603183746337891e+00 1.672638416290283203e+00 1.743062138557434082e+00
3.311743736267089844e+00 2.525629043579101562e+00 1.676354408264160156e+00 1.730230927467346191e+00
3.310320377349853516e+00 2.526121139526367188e+00 1.830775499343872070e+00 1.534660935401916504e+00
3.358440160751342773e+00 2.384983539581298828e+00 1.907357931137084961e+00 1.500021338462829590e+00
3.294107675552368164e+00 2.527874469757080078e+00 1.934704184532165527e+00 1.581412434577941895e+00
3.450246334075927734e+00 2.587777614593505859e+00 1.971888542175292969e+00 1.613398194313049316e+00
3.616773128509521484e+00 3.043713092803955078e+00 2.117090225219726562e+00 1.584314465522766113e+00
3.909014463424682617e+00 3.184656858444213867e+00 2.067577600479125977e+00 1.487303853034973145e+00
4.228860855102539062e+00 3.469747304916381836e+00 2.138799667358398438e+00 1.499424219131469727e+00
4.132794380187988281e+00 3.401839971542358398e+00 2.159117937088012695e+00 1.474604010581970215e+00
4.134639739990234375e+00 3.315699815750122070e+00 2.128676176071166992e+00 1.427163362503051758e+00
4.056247711181640625e+00 3.308801651000976562e+00 2.237149477005004883e+00 1.383499979972839355e+00
4.302650451660156250e+00 3.503440618515014648e+00 2.205100536346435547e+00 1.418617844581604004e+00
4.529088020324707031e+00 3.591153621673583984e+00 2.215312719345092773e+00 1.559793829917907715e+00
4.634693145751953125e+00 3.008892536163330078e+00 2.441540479660034180e+00 1.602810263633728027e+00
1.150892138481140137e+00 2.241873025894165039e+00 2.645931243896484375e+00 1.761318564414978027e+00
1.169363498687744141e+00 2.055241823196411133e+00 2.888491392135620117e+00 1.661396861076354980e+00
1.208075165748596191e+00 1.977960348129272461e+00 2.976090431213378906e+00 1.756063580513000488e+00
1.439105749130249023e+00 1.930515170097351074e+00 2.961934089660644531e+00 1.878518939018249512e+00
1.575432538986206055e+00 2.028342247009277344e+00 2.889158487319946289e+00 1.990901350975036621e+00
1.501996994018554688e+00 2.011362075805664062e+00 2.949998617172241211e+00 2.014543294906616211e+00
1.838140964508056641e+00 2.000485420227050781e+00 2.838298320770263672e+00 2.114350080490112305e+00
1.874375343322753906e+00 2.017649173736572266e+00 2.748959541320800781e+00 2.195035696029663086e+00
2.131068944931030273e+00 2.001188278198242188e+00 2.915006160736083984e+00 2.148097038269042969e+00
2.145912170410156250e+00 1.904033184051513672e+00 3.073360919952392578e+00 2.072792768478393555e+00
2.027571201324462891e+00 1.962178945541381836e+00 3.144045352935791016e+00 2.114137411117553711e+00
2.142849922180175781e+00 1.975463271141052246e+00 3.161106109619140625e+00 2.017114639282226562e+00
2.079071283340454102e+00 1.983129382133483887e+00 3.005209207534790039e+00 1.853939652442932129e+00
2.223797798156738281e+00 2.064197063446044922e+00 2.899973154067993164e+00 1.880828976631164551e+00
2.178420543670654297e+00 2.113570928573608398e+00 2.853277206420898438e+00 1.947191834449768066e+00
2.265959262847900391e+00 2.168102741241455078e+00 2.853950977325439453e+00 1.981537699699401855e+00
2.395762920379638672e+00 2.210768699645996094e+00 2.871687173843383789e+00 1.970225691795349121e+00
2.433461427688598633e+00 2.100715160369873047e+00 2.935963630676269531e+00 2.042858362197875977e+00
2.462959289550781250e+00 2.248097419738769531e+00 2.840270996093750000e+00 2.144940853118896484e+00
2.268782377243041992e+00 2.446951389312744141e+00 2.794509887695312500e+00 2.058734893798828125e+00
2.309054613113403320e+00 2.378617525100708008e+00 2.783720493316650391e+00 1.918023705482482910e+00
2.413648128509521484e+00 2.439500331878662109e+00 2.667284011840820312e+00 1.891222119331359863e+00
2.382863998413085938e+00 2.594521522521972656e+00 2.672371149063110352e+00 1.846637845039367676e+00
2.542266845703125000e+00 2.777488708496093750e+00 2.691559553146362305e+00 1.757425427436828613e+00
2.659727334976196289e+00 2.766315460205078125e+00 2.843847513198852539e+00 1.866867184638977051e+00
2.604346275329589844e+00 2.737743139266967773e+00 2.869698524475097656e+00 1.884557843208312988e+00
2.866436481475830078e+00 2.751106262207031250e+00 3.016356945037841797e+00 1.838736653327941895e+00
2.928686618804931641e+00 2.686647891998291016e+00 3.119285106658935547e+00 1.923800110816955566e+00
2.912862777709960938e+00 2.779635906219482422e+00 3.149637222290039062e+00 1.935285449028015137e+00
2.733275890350341797e+00 2.842816352844238281e+00 3.157352924346923828e+00 1.913180708885192871e+00
3.102421998977661133e+00 3.061977148056030273e+00 3.276471614837646484e+00 1.705205798149108887e+00
3.205587863922119141e+00 3.228284120559692383e+00 3.232714653015136719e+00 1.653722167015075684e+00
3.428520202636718750e+00 3.452970266342163086e+00 3.277675390243530273e+00 1.580225348472595215e+00
3.402287244796752930e+00 3.420067310333251953e+00 3.289964914321899414e+00 1.710760474205017090e+00
3.386636018753051758e+00 3.428750038146972656e+00 3.311728954315185547e+00 1.597729325294494629e+00
3.298441171646118164e+00 3.485205650329589844e+00 3.314502716064453125e+00 1.551213383674621582e+00
3.722540616989135742e+00 3.536576747894287109e+00 3.334206581115722656e+00 1.684190630912780762e+00
3.917058467864990234e+00 3.613330841064453125e+00 3.114725589752197266e+00 1.765850663185119629e+00
3.912087917327880859e+00 3.358731746673583984e+00 2.960758924484252930e+00 1.846601366996765137e+00
1.438321352005004883e+00 2.086312770843505859e+00 2.843770980834960938e+00 1.732372879981994629e+00
1.271201252937316895e+00 2.067288398742675781e+00 2.740419149398803711e+00 1.921477437019348145e+00
1.408694505691528320e+00 2.145097732543945312e+00 2.847912549972534180e+00 2.102612495422363281e+00
1.375622034072875977e+00 2.109003543853759766e+00 2.922972679138183594e+00 2.102474689483642578e+00
1.610970735549926758e+00 1.953659772872924805e+00 3.105453491210937500e+00 2.208723068237304688e+00
1.712134957313537598e+00 2.077452182769775391e+00 2.939026594161987305e+00 2.393547773361206055e+00
1.883056640625000000e+00 2.244758605957031250e+00 2.898085594177246094e+00 2.217540264129638672e+00
1.900751113891601562e+00 2.094408512115478516e+00 2.987579822540283203e+00 2.204859495162963867e+00
1.802216410636901855e+00 2.042627811431884766e+00 2.897722244262695312e+00 2.291090250015258789e+00
1.841724276542663574e+00 1.993419408798217773e+00 2.881270885467529297e+00 2.263991832733154297e+00
1.871638774871826172e+00 2.035964488983154297e+00 2.817446708679199219e+00 2.132042407989501953e+00
1.940884947776794434e+00 2.048899650573730469e+00 2.786364078521728516e+00 2.096667528152465820e+00
2.094734668731689453e+00 2.172352313995361328e+00 2.731127262115478516e+00 2.166428804397583008e+00
2.220095157623291016e+00 2.305121660232543945e+00 2.653460025787353516e+00 2.226044893264770508e+00
2.351887702941894531e+00 2.416151046752929688e+00 2.621145009994506836e+00 2.246293544769287109e+00
2.480243206024169922e+00 2.393609523773193359e+00 2.685681581497192383e+00 2.245339870452880859e+00
2.580944299697875977e+00 2.566492319107055664e+00 2.591656923294067383e+00 2.368004083633422852e+00
2.415411949157714844e+00 2.681706428527832031e+00 2.805361747741699219e+00 2.358863592147827148e+00
2.350492238998413086e+00 2.639756679534912109e+00 2.875362396240234375e+00 2.146596908569335938e+00
2.425687789916992188e+00 2.661086797714233398e+00 2.882156372070312500e+00 2.108581542968750000e+00
2.383607625961303711e+00 2.764787673950195312e+00 2.977421045303344727e+00 2.080563783645629883e+00
2.533952951431274414e+00 2.876926183700561523e+00 3.002210140228271484e+00 2.074389457702636719e+00
2.560126781463623047e+00 2.964330911636352539e+00 3.156466960906982422e+00 2.096916198730468750e+00
2.616131544113159180e+00 2.955671548843383789e+00 3.134562492370605469e+00 2.148132562637329102e+00
2.743919849395751953e+00 2.950141668319702148e+00 3.264911174774169922e+00 2.191381692886352539e+00
2.775259256362915039e+00 2.949869871139526367e+00 3.387870788574218750e+00 2.232418537139892578e+00
2.741192817687988281e+00 3.113116741180419922e+00 3.435328483581542969e+00 2.307918787002563477e+00
2.596444845199584961e+00 3.052758455276489258e+00 3.487673282623291016e+00 2.345280170440673828e+00
2.638159751892089844e+00 3.122770309448242188e+00 3.627197265625000000e+00 2.298147678375244141e+00
2.678176879882812500e+00 3.190948724746704102e+00 3.591988086700439453e+00 2.196296930313110352e+00
2.866767644882202148e+00 3.316789865493774414e+00 3.737286567687988281e+00 2.090912103652954102e+00
2.891648054122924805e+00 3.431792259216308594e+00 3.695713520050048828e+00 2.013286352157592773e+00
3.007968664169311523e+00 3.609423160552978516e+00 3.880575895309448242e+00 1.940975069999694824e+00
2.687192916870117188e+00 3.598372220993041992e+00 4.040272712707519531e+00 1.943641543388366699e+00
2.807384729385375977e+00 3.684440851211547852e+00 4.455572128295898438e+00 2.035504817962646484e+00
2.879991054534912109e+00 3.827091693878173828e+00 4.282796859741210938e+00 2.000594615936279297e+00
3.409933567047119141e+00 3.719095230102539062e+00 3.577616214752197266e+00 1.789000630378723145e+00
1.887154459953308105e+00 2.236349582672119141e+00 2.616846323013305664e+00 2.073077201843261719e+00
1.846826553344726562e+00 2.357267618179321289e+00 2.594713449478149414e+00 1.973499655723571777e+00
1.814804196357727051e+00 2.235743522644042969e+00 2.782917976379394531e+00 1.935993075370788574e+00
1.780045390129089355e+00 2.199600934982299805e+00 2.710996150970458984e+00 2.072702646255493164e+00
1.742520332336425781e+00 2.138477325439453125e+00 2.678155422210693359e+00 2.214196920394897461e+00
1.739392280578613281e+00 2.094507455825805664e+00 2.740007400512695312e+00 2.172409057617187500e+00
1.820502042770385742e+00 2.011421203613281250e+00 2.862428188323974609e+00 2.217576265335083008e+00
1.973659992218017578e+00 2.163870096206665039e+00 2.826173067092895508e+00 2.269480943679809570e+00
2.222416400909423828e+00 2.289958000183105469e+00 2.730468988418579102e+00 2.266588926315307617e+00
2.467080116271972656e+00 2.406952381134033203e+00 2.678125381469726562e+00 2.258572578430175781e+00
2.480040073394775391e+00 2.375937461853027344e+00 2.851629972457885742e+00 2.219528675079345703e+00
2.413193225860595703e+00 2.391570568084716797e+00 2.921582221984863281e+00 2.329939126968383789e+00
2.376672983169555664e+00 2.588708400726318359e+00 3.015599727630615234e+00 2.323824882507324219e+00
2.396790027618408203e+00 2.534839391708374023e+00 2.942409515380859375e+00 2.229395866394042969e+00
2.411777734756469727e+00 2.492394447326660156e+00 2.903045654296875000e+00 2.113967418670654297e+00
2.320258378982543945e+00 2.611449241638183594e+00 3.108574151992797852e+00 2.067153215408325195e+00
2.404759407043457031e+00 2.683622598648071289e+00 3.233263254165649414e+00 2.121678113937377930e+00
2.444049358367919922e+00 2.784033775329589844e+00 3.347536563873291016e+00 2.112205266952514648e+00
2.494297981262207031e+00 2.853763818740844727e+00 3.353555679321289062e+00 2.126367807388305664e+00
2.647815465927124023e+00 2.875414609909057617e+00 3.373256206512451172e+00 2.181041955947875977e+00
2.574225187301635742e+00 2.927430152893066406e+00 3.412942409515380859e+00 2.224018335342407227e+00
2.504446506500244141e+00 3.031366348266601562e+00 3.487525224685668945e+00 2.336967945098876953e+00
2.434066772460937500e+00 3.012114524841308594e+00 3.503392696380615234e+00 2.351447343826293945e+00
2.406536817550659180e+00 2.999238729476928711e+00 3.683111906051635742e+00 2.339525699615478516e+00
2.528393268585205078e+00 3.062429666519165039e+00 3.715511322021484375e+00 2.229310035705566406e+00
2.732783794403076172e+00 3.204035043716430664e+00 3.946304798126220703e+00 2.107573509216308594e+00
2.850199222564697266e+00 3.302309513092041016e+00 3.911291122436523438e+00 2.103453874588012695e+00
2.845816850662231445e+00 3.480779886245727539e+00 4.121562957763671875e+00 1.927939772605895996e+00
2.570160388946533203e+00 3.431145668029785156e+00 4.292626380920410156e+00 1.872985720634460449e+00
2.821497678756713867e+00 3.541845083236694336e+00 4.544013977050781250e+00 2.069723844528198242e+00
2.719721555709838867e+00 3.766388177871704102e+00 4.316660404205322266e+00 2.011842250823974609e+00
3.433311700820922852e+00 3.677724361419677734e+00 3.782728195190429688e+00 1.863058924674987793e+00
1.642159581184387207e+00 2.352807521820068359e+00 2.793362617492675781e+00 2.064839601516723633e+00
1.618091464042663574e+00 2.173407793045043945e+00 2.924152135848999023e+00 2.022593021392822266e+00
1.799646615982055664e+00 2.257993698120117188e+00 2.944474697113037109e+00 2.075996875762939453e+00
1.924158930778503418e+00 2.315411567687988281e+00 2.795440196990966797e+00 2.205182075500488281e+00
2.201497793197631836e+00 2.351781845092773438e+00 2.803037405014038086e+00 2.253175258636474609e+00
2.136046171188354492e+00 2.262084960937500000e+00 2.832428216934204102e+00 2.127219200134277344e+00
2.093405246734619141e+00 2.370567321777343750e+00 2.893774986267089844e+00 2.235181093215942383e+00
1.987751364707946777e+00 2.338670730590820312e+00 3.024014472961425781e+00 2.374480009078979492e+00
2.111957073211669922e+00 2.374583959579467773e+00 3.041117191314697266e+00 2.280606746673583984e+00
2.171364307403564453e+00 2.350992679595947266e+00 2.919874668121337891e+00 2.203924417495727539e+00
2.332520484924316406e+00 2.587875843048095703e+00 3.057809829711914062e+00 2.255214691162109375e+00
2.266794443130493164e+00 2.629041671752929688e+00 3.078636646270751953e+00 2.277163267135620117e+00
2.187747240066528320e+00 2.683887958526611328e+00 3.345571994781494141e+00 2.214330434799194336e+00
2.231999874114990234e+00 2.662589073181152344e+00 3.523983240127563477e+00 2.185652971267700195e+00
2.323119163513183594e+00 2.755772113800048828e+00 3.590954542160034180e+00 2.242050647735595703e+00
2.432284355163574219e+00 2.771866321563720703e+00 3.728576183319091797e+00 2.265565633773803711e+00
2.483793973922729492e+00 2.862149238586425781e+00 3.665503978729248047e+00 2.305098533630371094e+00
2.345566987991333008e+00 2.918344259262084961e+00 3.552723884582519531e+00 2.295170068740844727e+00
2.215840578079223633e+00 2.883668422698974609e+00 3.675051689147949219e+00 2.333195686340332031e+00
2.364348411560058594e+00 2.961349248886108398e+00 3.735094070434570312e+00 2.255647897720336914e+00
2.533334732055664062e+00 3.146219968795776367e+00 3.790318965911865234e+00 2.225551366806030273e+00
2.534807205200195312e+00 3.154944419860839844e+00 3.857537984848022461e+00 2.138154983520507812e+00
2.552471637725830078e+00 3.160824775695800781e+00 4.124183654785156250e+00 2.089666366577148438e+00
2.398283004760742188e+00 3.163495779037475586e+00 4.066252708435058594e+00 2.087466239929199219e+00
2.478466033935546875e+00 3.253285646438598633e+00 4.257921695709228516e+00 2.178502559661865234e+00
2.696864366531372070e+00 3.475151062011718750e+00 4.084592819213867188e+00 2.207059621810913086e+00
2.998341798782348633e+00 3.613367795944213867e+00 3.883280515670776367e+00 1.884316802024841309e+00
1.755579948425292969e+00 2.458383560180664062e+00 3.201606750488281250e+00 2.030440330505371094e+00
1.529419183731079102e+00 2.508027076721191406e+00 3.299870014190673828e+00 2.225753307342529297e+00
1.370366692543029785e+00 2.570507526397705078e+00 3.507439136505126953e+00 2.206333637237548828e+00
1.289780020713806152e+00 2.474509239196777344e+00 3.547883033752441406e+00 2.246191263198852539e+00
1.497532606124877930e+00 2.526367664337158203e+00 3.556914567947387695e+00 2.278236150741577148e+00
1.434827327728271484e+00 2.545555591583251953e+00 3.464528560638427734e+00 2.298772573471069336e+00
1.533650636672973633e+00 2.662746429443359375e+00 3.610062122344970703e+00 2.319022655487060547e+00
1.521661281585693359e+00 2.677577495574951172e+00 3.736160993576049805e+00 2.279858589172363281e+00
1.379420757293701172e+00 2.577148437500000000e+00 3.841617107391357422e+00 2.266100406646728516e+00
1.491739749908447266e+00 2.559097290039062500e+00 3.915997982025146484e+00 2.382490396499633789e+00
1.561856746673583984e+00 2.619566440582275391e+00 3.838380098342895508e+00 2.380817890167236328e+00
1.503888249397277832e+00 2.762303829193115234e+00 3.749906063079833984e+00 2.296528339385986328e+00
1.503556489944458008e+00 2.896682977676391602e+00 3.734972476959228516e+00 2.388312578201293945e+00
1.773539781570434570e+00 2.995945215225219727e+00 3.778969287872314453e+00 2.276603460311889648e+00
1.869270563125610352e+00 2.951635837554931641e+00 3.879746675491333008e+00 2.191751956939697266e+00
1.971301555633544922e+00 2.874533653259277344e+00 3.939912080764770508e+00 2.189762830734252930e+00
2.227376937866210938e+00 3.034411191940307617e+00 4.032416343688964844e+00 2.286486387252807617e+00
2.119098901748657227e+00 3.060272693634033203e+00 4.042520046234130859e+00 2.067789316177368164e+00
2.095208883285522461e+00 3.115362167358398438e+00 4.304402351379394531e+00 2.185929536819458008e+00
2.182825088500976562e+00 3.342314958572387695e+00 4.303946495056152344e+00 2.319528341293334961e+00
2.525470733642578125e+00 3.541653633117675781e+00 4.216464519500732422e+00 1.898987650871276855e+00
1.124396920204162598e+00 2.560584306716918945e+00 3.901591777801513672e+00 2.240845918655395508e+00
1.110053896903991699e+00 2.467041492462158203e+00 3.960499763488769531e+00 2.287618398666381836e+00
1.119699001312255859e+00 2.345207691192626953e+00 3.836030960083007812e+00 2.371791362762451172e+00
